  1.0000000e-002  1.1258060e-001 -9.2707355e-002
  1.0000000e-002  1.1066771e-001 -8.3953513e-002
  1.0000000e-002  1.1206732e-001 -9.3294621e-002
  1.0000000e-002  1.1120900e-001 -8.3553209e-002
  1.0000000e-002  1.1150885e-001 -9.3499951e-002
  1.0000000e-002  1.0683060e-001 -4.2707355e-002
  1.0000000e-002  1.0491771e-001 -3.3953513e-002
  1.0000000e-002  1.0631732e-001 -4.3294621e-002
  1.0000000e-002  1.0545900e-001 -3.3553209e-002
  1.0000000e-002  1.0575885e-001 -4.3499951e-002
  1.0000000e-002  1.0108060e-001  7.2926451e-003
  1.0000000e-002  9.9167706e-002  1.6046487e-002
  1.0000000e-002  1.0056732e-001  6.7053786e-003
  1.0000000e-002  9.9709000e-002  1.6446791e-002
  1.0000000e-002  1.0000885e-001  6.5000490e-003
  1.0000000e-002  9.5330605e-002  5.7292645e-002
  1.0000000e-002  9.3417706e-002  6.6046487e-002
  1.0000000e-002  9.4817324e-002  5.6705379e-002
  1.0000000e-002  9.3959000e-002  6.6446791e-002
  1.0000000e-002  9.4258851e-002  5.6500049e-002
  1.0000000e-002  8.9580605e-002  1.0729265e-001
  1.0000000e-002  8.7667706e-002  1.1604649e-001
  1.0000000e-002  8.9067324e-002  1.0670538e-001
  1.0000000e-002  8.8209000e-002  1.1644679e-001
  1.0000000e-002  8.8508851e-002  1.0650005e-001
  1.0000000e-002  6.2580605e-002 -9.8457355e-002
  1.0000000e-002  6.0667706e-002 -8.9703513e-002
  1.0000000e-002  6.2067324e-002 -9.9044621e-002
  1.0000000e-002  6.1209000e-002 -8.9303209e-002
  1.0000000e-002  6.1508851e-002 -9.9249951e-002
  1.0000000e-002  5.6830605e-002 -4.8457355e-002
  1.0000000e-002  5.4917706e-002 -3.9703513e-002
  1.0000000e-002  5.6317324e-002 -4.9044621e-002
  1.0000000e-002  5.5459000e-002 -3.9303209e-002
  1.0000000e-002  5.5758851e-002 -4.9249951e-002
  1.0000000e-002  5.1080605e-002  1.5426451e-003
  1.0000000e-002  4.9167706e-002  1.0296487e-002
  1.0000000e-002  5.0567324e-002  9.5537863e-004
  1.0000000e-002  4.9709000e-002  1.0696791e-002
  1.0000000e-002  5.0008851e-002  7.5004897e-004
  1.0000000e-002  4.5330605e-002  5.1542645e-002
  1.0000000e-002  4.3417706e-002  6.0296487e-002
  1.0000000e-002  4.4817324e-002  5.0955379e-002
  1.0000000e-002  4.3959000e-002  6.0696791e-002
  1.0000000e-002  4.4258851e-002  5.0750049e-002
  1.0000000e-002  3.9580605e-002  1.0154265e-001
  1.0000000e-002  3.7667706e-002  1.1029649e-001
  1.0000000e-002  3.9067324e-002  1.0095538e-001
  1.0000000e-002  3.8209000e-002  1.1069679e-001
  1.0000000e-002  3.8508851e-002  1.0075005e-001
  1.0000000e-002  1.2580605e-002 -1.0420735e-001
  1.0000000e-002  1.0667706e-002 -9.5453513e-002
  1.0000000e-002  1.2067324e-002 -1.0479462e-001
  1.0000000e-002  1.1209000e-002 -9.5053209e-002
  1.0000000e-002  1.1508851e-002 -1.0499995e-001
  1.0000000e-002  6.8306046e-003 -5.4207355e-002
  1.0000000e-002  4.9177063e-003 -4.5453513e-002
  1.0000000e-002  6.3173244e-003 -5.4794621e-002
  1.0000000e-002  5.4589999e-003 -4.5053209e-002
  1.0000000e-002  5.7588514e-003 -5.4999951e-002
  1.0000000e-002  1.0806046e-003 -4.2073549e-003
  1.0000000e-002 -8.3229367e-004  4.5464871e-003
  1.0000000e-002  5.6732437e-004 -4.7946214e-003
  1.0000000e-002 -2.9100007e-004  4.9467912e-003
  1.0000000e-002  8.8513960e-006 -4.9999510e-003
  1.0000000e-002 -4.6693954e-003  4.5792645e-002
  1.0000000e-002 -6.5822937e-003  5.4546487e-002
  1.0000000e-002 -5.1826756e-003  4.5205379e-002
  1.0000000e-002 -6.0410001e-003  5.4946791e-002
  1.0000000e-002 -5.7411486e-003  4.5000049e-002
  1.0000000e-002 -1.0419395e-002  9.5792645e-002
  1.0000000e-002 -1.2332294e-002  1.0454649e-001
  1.0000000e-002 -1.0932676e-002  9.5205379e-002
  1.0000000e-002 -1.1791000e-002  1.0494679e-001
  1.0000000e-002 -1.1491149e-002  9.5000049e-002
  1.0000000e-002 -3.7419395e-002 -1.0995735e-001
  1.0000000e-002 -3.9332294e-002 -1.0120351e-001
  1.0000000e-002 -3.7932676e-002 -1.1054462e-001
  1.0000000e-002 -3.8791000e-002 -1.0080321e-001
  1.0000000e-002 -3.8491149e-002 -1.1074995e-001
  1.0000000e-002 -4.3169395e-002 -5.9957355e-002
  1.0000000e-002 -4.5082294e-002 -5.1203513e-002
  1.0000000e-002 -4.3682676e-002 -6.0544621e-002
  1.0000000e-002 -4.4541000e-002 -5.0803209e-002
  1.0000000e-002 -4.4241149e-002 -6.0749951e-002
  1.0000000e-002 -4.8919395e-002 -9.9573549e-003
  1.0000000e-002 -5.0832294e-002 -1.2035129e-003
  1.0000000e-002 -4.9432676e-002 -1.0544621e-002
  1.0000000e-002 -5.0291000e-002 -8.0320877e-004
  1.0000000e-002 -4.9991149e-002 -1.0749951e-002
  1.0000000e-002 -5.4669395e-002  4.0042645e-002
  1.0000000e-002 -5.6582294e-002  4.8796487e-002
  1.0000000e-002 -5.5182676e-002  3.9455379e-002
  1.0000000e-002 -5.6041000e-002  4.9196791e-002
  1.0000000e-002 -5.5741149e-002  3.9250049e-002
  1.0000000e-002 -6.0419395e-002  9.0042645e-002
  1.0000000e-002 -6.2332294e-002  9.8796487e-002
  1.0000000e-002 -6.0932676e-002  8.9455379e-002
  1.0000000e-002 -6.1791000e-002  9.9196791e-002
  1.0000000e-002 -6.1491149e-002  8.9250049e-002
  1.0000000e-002 -8.7419395e-002 -1.1570735e-001
  1.0000000e-002 -8.9332294e-002 -1.0695351e-001
  1.0000000e-002 -8.7932676e-002 -1.1629462e-001
  1.0000000e-002 -8.8791000e-002 -1.0655321e-001
  1.0000000e-002 -8.8491149e-002 -1.1649995e-001
  1.0000000e-002 -9.3169395e-002 -6.5707355e-002
  1.0000000e-002 -9.5082294e-002 -5.6953513e-002
  1.0000000e-002 -9.3682676e-002 -6.6294621e-002
  1.0000000e-002 -9.4541000e-002 -5.6553209e-002
  1.0000000e-002 -9.4241149e-002 -6.6499951e-002
  1.0000000e-002 -9.8919395e-002 -1.5707355e-002
  1.0000000e-002 -1.0083229e-001 -6.9535129e-003
  1.0000000e-002 -9.9432676e-002 -1.6294621e-002
  1.0000000e-002 -1.0029100e-001 -6.5532088e-003
  1.0000000e-002 -9.9991149e-002 -1.6499951e-002
  1.0000000e-002 -1.0466940e-001  3.4292645e-002
  1.0000000e-002 -1.0658229e-001  4.3046487e-002
  1.0000000e-002 -1.0518268e-001  3.3705379e-002
  1.0000000e-002 -1.0604100e-001  4.3446791e-002
  1.0000000e-002 -1.0574115e-001  3.3500049e-002
  1.0000000e-002 -1.1041940e-001  8.4292645e-002
  1.0000000e-002 -1.1233229e-001  9.3046487e-002
  1.0000000e-002 -1.1093268e-001  8.3705379e-002
  1.0000000e-002 -1.1179100e-001  9.3446791e-002
  1.0000000e-002 -1.1149115e-001  8.3500049e-002
